1: 2 3 4 6 9 11 12 14 15 16 17 19 20 21 22 23 25 26 28 30 31 32 33 34 35 39 40 
2: 3 5 7 8 10 13 14 16 18 19 24 25 26 27 28 32 33 38 40 
3: 4 8 9 10 11 14 16 19 21 22 23 25 26 27 28 29 30 31 32 34 35 37 39 40 
4: 
5: 6 7 8 9 10 11 12 13 14 15 16 17 18 19 20 22 23 24 25 26 28 29 30 31 32 33 34 35 36 37 38 39 
6: 7 8 10 13 19 20 21 22 23 24 25 26 27 29 30 32 33 34 37 38 
7: 15 17 22 23 25 29 30 34 36 39 
8: 10 12 13 14 15 18 21 24 25 26 28 29 30 34 35 36 37 38 
9: 11 12 13 14 15 18 19 20 21 22 23 26 27 29 32 33 35 36 37 39 
10: 11 12 13 15 16 18 19 22 23 24 25 26 27 28 29 31 32 33 34 35 36 37 38 39 40 
11: 12 13 14 15 16 19 20 21 22 25 26 28 31 32 33 34 36 
12: 13 15 16 17 18 19 21 23 25 26 27 31 34 37 40 
13: 16 19 22 24 25 30 31 32 34 37 39 
14: 
15: 32 33 
16: 
17: 21 22 23 24 28 29 36 39 
18: 20 22 26 29 39 
19: 31 34 37 38 
20: 25 26 31 35 37 39 
21: 22 23 29 30 31 34 35 36 38 39 40 
22: 24 26 27 29 32 38 39 40 
23: 24 26 29 31 32 40 
24: 28 30 34 
25: 29 
26: 32 35 39 
27: 40 
28: 29 30 36 
29: 37 38 
30: 32 35 
31: 32 
32: 33 
33: 35 39 
34: 
35: 39 
36: 
37: 38 
38: 
39: 
40: 
