1: 2 4 5 7 8 11 12 14 18 20 23 24 27 30 
2: 6 9 10 11 12 14 20 21 24 27 28 29 30 
3: 4 5 6 7 10 13 14 18 19 20 22 23 24 26 28 30 
4: 5 6 7 8 11 12 14 19 20 22 23 24 25 27 28 30 
5: 6 9 12 16 17 23 26 29 30 
6: 7 8 9 10 12 14 15 17 18 20 23 28 30 
7: 8 11 12 13 15 16 17 18 19 20 21 22 23 26 28 
8: 19 25 
9: 10 11 12 13 15 16 17 18 19 21 26 27 30 
10: 16 20 22 25 26 29 30 
11: 15 21 24 27 
12: 14 20 22 23 24 25 26 27 28 29 30 
13: 15 16 17 18 19 20 22 24 25 27 28 30 
14: 15 17 18 21 27 
15: 19 23 
16: 17 18 19 21 22 24 29 30 
17: 18 22 24 27 28 
18: 27 30 
19: 22 25 29 
20: 21 29 30 
21: 23 28 30 
22: 
23: 26 
24: 
25: 
26: 
27: 
28: 
29: 
30: 
