1: 3 6 7 14 15 16 18 19 20 25 26 28 29 32 33 34 35 37 40 41 44 48 52 54 57 58 59 
2: 3 6 7 9 10 11 12 13 15 16 18 20 21 22 27 28 29 30 31 34 37 40 41 42 44 45 46 49 50 51 52 56 59 60 
3: 4 5 6 7 8 10 11 12 13 14 16 17 18 19 20 21 22 24 26 28 29 30 31 32 36 41 42 43 44 46 47 48 49 50 51 52 53 54 55 56 57 58 
4: 8 10 12 15 16 17 22 24 33 36 37 41 55 
5: 6 7 8 9 11 12 13 14 16 19 21 24 25 26 28 30 31 33 36 37 38 39 40 41 42 44 45 46 48 53 54 55 57 58 59 
6: 7 10 13 14 18 19 21 23 27 28 29 32 33 34 36 39 42 47 49 53 54 58 
7: 8 9 10 11 12 13 14 15 17 18 19 20 21 22 23 24 25 26 27 28 29 30 31 33 34 35 36 38 39 41 42 43 44 45 46 47 48 49 50 51 52 53 54 55 56 57 58 59 60 
8: 9 10 11 13 14 15 16 17 18 19 20 21 22 23 24 25 26 27 28 29 30 31 32 33 35 36 37 38 39 40 41 42 43 44 45 46 47 48 49 50 52 53 54 55 56 57 58 59 60 
9: 10 11 12 13 14 15 16 19 20 21 22 23 24 25 27 28 29 30 31 33 34 35 36 37 38 40 41 43 44 45 46 47 48 50 51 52 53 54 55 57 59 
10: 12 17 18 19 20 23 24 28 29 30 34 36 37 39 40 44 45 46 47 48 49 50 51 52 60 
11: 13 16 20 21 25 32 34 38 39 42 47 48 50 60 
12: 13 14 15 16 17 18 19 21 22 23 25 26 27 29 30 38 39 41 45 48 50 51 53 54 55 57 58 59 60 
13: 15 16 21 22 28 29 31 32 34 36 38 43 44 47 48 49 50 51 53 54 55 56 58 
14: 15 16 18 19 20 21 22 24 28 30 32 33 35 36 37 39 40 41 42 43 44 45 46 47 48 49 50 51 52 53 54 56 57 58 59 60 
15: 37 45 
16: 17 20 25 27 28 29 33 34 35 36 38 42 43 44 47 50 52 53 57 58 60 
17: 18 19 20 21 23 24 25 27 28 29 30 32 33 38 39 40 41 42 44 45 49 56 57 58 
18: 20 21 22 25 27 28 29 30 31 33 34 35 36 39 40 42 43 44 47 50 52 53 57 59 
19: 20 24 26 27 30 31 32 42 46 48 51 55 56 
20: 22 25 27 28 33 34 35 36 37 38 40 41 48 50 52 53 54 56 57 59 60 
21: 23 25 30 34 39 41 43 44 47 48 53 
22: 23 24 26 28 29 32 38 40 44 50 53 57 
23: 26 33 46 48 49 52 54 55 
24: 25 26 27 30 32 37 38 40 45 46 48 50 52 54 60 
25: 30 32 35 41 42 46 47 51 52 53 55 56 57 
26: 32 37 48 54 56 57 
27: 28 29 30 31 34 36 37 39 43 45 46 48 49 53 54 56 57 
28: 30 31 32 33 34 35 37 42 43 44 45 46 49 51 53 54 55 56 57 58 59 60 
29: 34 36 40 42 43 44 45 46 48 49 51 53 55 57 58 
30: 38 39 40 41 48 53 
31: 47 51 
32: 35 40 41 43 44 46 48 49 51 58 60 
33: 34 35 38 39 45 48 49 51 52 54 56 59 
34: 36 37 39 40 41 45 46 47 51 53 54 
35: 46 50 54 
36: 37 39 53 56 57 
37: 38 40 41 43 46 48 50 51 57 60 
38: 45 48 51 60 
39: 43 45 51 55 59 
40: 41 45 46 49 50 51 53 56 57 58 59 
41: 43 44 45 46 47 50 58 
42: 48 49 53 
43: 51 53 55 
44: 47 51 54 55 58 60 
45: 59 60 
46: 55 56 
47: 51 52 
48: 59 
49: 52 
50: 
51: 
52: 
53: 
54: 
55: 57 
56: 
57: 
58: 59 
59: 
60: 
